100 20230201 0 20230201 4476 20230201 24 20230201 0 0 20230201 4424383 20230201 20044 20230201 0 20230201 0 20230201 0 20230201 0 9084 19355004 19354601 253 150
100 20230202 0 20230202 4492 20230202 24 20230202 0 0 20230202 4478570 20230202 20468 20230202 0 20230202 0 20230202 1 20230202 0 9124 19524504 19523801 548 155
100 20230203 0 20230203 4559 20230203 24 20230203 0 0 20230203 4603328 20230203 20723 20230203 0 20230203 0 20230203 0 20230203 0 9463 20220051 20219655 244 152
100 20230204 0 20230204 4547 20230204 24 20230204 0 0 20230204 3882812 20230204 18494 20230204 0 20230204 0 20230204 0 20230204 0 7839 16627746 16627423 212 111
100 20230205 0 20230205 4552 20230205 24 20230205 0 0 20230205 3708467 20230205 19361 20230205 0 20230205 0 20230205 0 20230205 0 7010 14785991 14785644 271 76
100 20230206 0 20230206 4557 20230206 24 20230206 0 0 20230206 4445898 20230206 23416 20230206 0 20230206 0 20230206 0 20230206 0 9870 21118173 21117736 288 149
100 20230207 0 20230207 4551 20230207 24 20230207 0 0 20230207 4308878 20230207 22882 20230207 0 20230207 0 20230207 0 20230207 0 10004 21437478 21437093 236 149
100 20230208 0 20230208 4548 20230208 24 20230208 0 0 20230208 4904156 20230208 22703 20230208 0 20230208 0 20230208 0 20230208 0 10146 21709942 21699955 9816 171
100 20230209 0 20230209 4562 20230209 24 20230209 0 0 20230209 4716992 20230209 24321 20230209 0 20230209 0 20230209 0 20230209 0 10112 21606926 21606590 228 108
100 20230210 0 20230210 1145 20230210 5 20230210 0 0 20230210 453538 20230210 1778 20230210 0 20230210 0 20230210 0 20230210 0 128 251641 245520 6120 1
200 20230201 0 20230201 1272 20230201 24 20230201 0 0 20230201 12 20230201 87980 20230201 0 20230201 0 20230201 2 20230201 0 35940 78856610 78855656 652 302
200 20230202 0 20230202 1274 20230202 24 20230202 0 0 20230202 45 20230202 93564 20230202 0 20230202 0 20230202 0 20230202 0 36571 80462656 80461042 671 943
200 20230203 0 20230203 1276 20230203 24 20230203 0 0 20230203 817 20230203 100366 20230203 0 20230203 0 20230203 2 20230203 0 37047 81534720 81533690 709 321
200 20230204 0 20230204 1275 20230204 24 20230204 0 0 20230204 24 20230204 96795 20230204 0 20230204 0 20230204 1 20230204 0 33306 72333864 72333091 620 153
200 20230205 0 20230205 1272 20230205 24 20230205 0 0 20230205 37 20230205 91449 20230205 0 20230205 0 20230205 0 20230205 0 30629 65992094 65991347 599 148
200 20230206 0 20230206 1276 20230206 24 20230206 0 0 20230206 21 20230206 105718 20230206 0 20230206 0 20230206 1 20230206 0 38631 85406543 85405426 693 424
200 20230207 0 20230207 1276 20230207 24 20230207 0 0 20230207 15 20230207 106984 20230207 0 20230207 0 20230207 0 20230207 0 38420 85150758 85149602 763 393
200 20230208 0 20230208 1270 20230208 24 20230208 0 0 20230208 4 20230208 107121 20230208 0 20230208 0 20230208 0 20230208 0 38693 85872931 85871606 791 534
200 20230209 0 20230209 1277 20230209 24 20230209 0 0 20230209 0 20230209 110473 20230209 0 20230209 0 20230209 0 20230209 0 39144 86708375 86707180 801 394
200 20230210 0 20230210 332 20230210 6 20230210 0 0 20230210 0 20230210 6712 20230210 0 20230210 0 20230210 0 20230210 0 888 1593178 1592820 353 5
210 20230201 0 20230201 751 20230201 24 20230201 0 0 20230201 11652 20230201 22457 20230201 0 20230201 0 20230201 0 20230201 0 9822 20846938 20846742 164 32
210 20230202 0 20230202 746 20230202 24 20230202 0 0 20230202 12025 20230202 23291 20230202 0 20230202 0 20230202 0 20230202 0 9895 21101066 21100824 164 78
210 20230203 0 20230203 792 20230203 24 20230203 0 0 20230203 12844 20230203 24229 20230203 0 20230203 0 20230203 0 20230203 0 10351 22009186 22008937 170 79
210 20230204 0 20230204 741 20230204 24 20230204 0 0 20230204 9130 20230204 21704 20230204 0 20230204 0 20230204 0 20230204 0 8367 17683609 17683414 138 57
210 20230205 0 20230205 746 20230205 24 20230205 0 0 20230205 10252 20230205 21548 20230205 0 20230205 0 20230205 0 20230205 0 7623 16037897 16037703 134 60
210 20230206 0 20230206 809 20230206 24 20230206 0 0 20230206 13015 20230206 26254 20230206 0 20230206 0 20230206 1 20230206 0 10622 22767224 22767013 155 56
210 20230207 0 20230207 840 20230207 24 20230207 0 0 20230207 13645 20230207 26774 20230207 0 20230207 0 20230207 0 20230207 0 10910 23437201 23436931 191 79
210 20230208 0 20230208 822 20230208 24 20230208 0 0 20230208 15185 20230208 26948 20230208 0 20230208 0 20230208 1 20230208 0 10958 23511824 23511561 167 96
210 20230209 0 20230209 855 20230209 24 20230209 0 0 20230209 14814 20230209 27201 20230209 0 20230209 0 20230209 0 20230209 0 10836 23325211 23324955 148 108
210 20230210 0 20230210 101 20230210 6 20230210 0 0 20230210 2304 20230210 1034 20230210 0 20230210 0 20230210 0 20230210 0 300 258894 258890 1 3
220 20230201 1162 20230201 670 20230201 24 20230201 5461297 2256393 20230201 2698644 20230201 5275 20230201 3204841 20230201 42 20230201 0 20230201 63 5721 11112433 11112200 211 22
220 20230202 1164 20230202 669 20230202 24 20230202 5511037 2309016 20230202 2473792 20230202 4933 20230202 3201974 20230202 48 20230202 2 20230202 45 5785 11235041 11234813 179 49
220 20230203 1162 20230203 670 20230203 24 20230203 5576767 2329466 20230203 2795564 20230203 5354 20230203 3247290 20230203 90 20230203 0 20230203 9 5979 11639866 11639616 193 57
220 20230204 1149 20230204 671 20230204 24 20230204 4613724 1906580 20230204 2349208 20230204 4879 20230204 2707100 20230204 0 20230204 0 20230204 43 5100 9825685 9825490 151 44
220 20230205 1148 20230205 670 20230205 24 20230205 4006493 1637851 20230205 2014483 20230205 5068 20230205 2368626 20230205 12 20230205 0 20230205 16 4604 8771974 8771767 173 34
220 20230206 1165 20230206 669 20230206 24 20230206 5774876 2455841 20230206 2670029 20230206 5927 20230206 3318995 20230206 87 20230206 2 20230206 36 6273 12259812 12259569 228 15
220 20230207 1162 20230207 670 20230207 24 20230207 5786220 2457422 20230207 2744436 20230207 5767 20230207 3328783 20230207 12 20230207 0 20230207 10 6246 12214448 12214223 218 7
220 20230208 1166 20230208 669 20230208 24 20230208 5844551 2452642 20230208 2899370 20230208 5862 20230208 3391895 20230208 42 20230208 0 20230208 9 6319 12378415 12378179 227 9
220 20230209 1170 20230209 670 20230209 24 20230209 5880619 2521999 20230209 2994762 20230209 5800 20230209 3358600 20230209 54 20230209 0 20230209 17 6170 12066080 12065869 201 10
220 20230210 272 20230210 173 20230210 6 20230210 41315 22097 20230210 75193 20230210 423 20230210 19218 20230210 0 20230210 0 20230210 0 296 109967 109961 6 0
230 20230201 0 20230201 575 20230201 24 20230201 0 0 20230201 4673238 20230201 18077 20230201 0 20230201 0 20230201 0 20230201 0 2636 34291584 34291508 53 23
230 20230202 0 20230202 575 20230202 24 20230202 0 0 20230202 4953415 20230202 18546 20230202 0 20230202 0 20230202 0 20230202 0 2613 34171752 34171682 48 22
230 20230203 0 20230203 575 20230203 24 20230203 0 0 20230203 5332354 20230203 18761 20230203 0 20230203 0 20230203 0 20230203 0 2669 34910259 34910176 57 26
230 20230204 0 20230204 575 20230204 24 20230204 0 0 20230204 4610913 20230204 18183 20230204 0 20230204 3 20230204 0 20230204 0 2403 31192669 31192612 42 15
230 20230205 0 20230205 575 20230205 24 20230205 0 0 20230205 4820425 20230205 17172 20230205 0 20230205 0 20230205 0 20230205 0 2441 31670056 31670010 37 9
230 20230206 0 20230206 575 20230206 24 20230206 0 0 20230206 5775370 20230206 19399 20230206 0 20230206 0 20230206 2 20230206 0 2713 35407005 35406926 58 21
230 20230207 0 20230207 575 20230207 24 20230207 0 0 20230207 5320767 20230207 19926 20230207 0 20230207 5 20230207 0 20230207 0 2602 34085017 34084941 56 20
230 20230208 0 20230208 575 20230208 24 20230208 0 0 20230208 5171057 20230208 19199 20230208 0 20230208 3 20230208 0 20230208 0 2583 33742983 33742912 43 28
230 20230209 0 20230209 575 20230209 24 20230209 0 0 20230209 4953636 20230209 19684 20230209 0 20230209 0 20230209 0 20230209 0 2576 33655965 33655877 54 34
230 20230210 0 20230210 149 20230210 6 20230210 0 0 20230210 237561 20230210 1180 20230210 0 20230210 0 20230210 0 20230210 0 76 419065 419060 2 3
240 20230201 0 20230201 144 20230201 24 20230201 0 0 20230201 0 20230201 10075 20230201 0 20230201 0 20230201 0 20230201 0 1861 25056524 25056449 55 20
240 20230202 0 20230202 144 20230202 24 20230202 0 0 20230202 0 20230202 10184 20230202 0 20230202 0 20230202 0 20230202 0 1884 25554873 25554787 48 38
240 20230203 0 20230203 144 20230203 24 20230203 0 0 20230203 0 20230203 10527 20230203 0 20230203 0 20230203 1 20230203 0 1921 26001116 26001039 55 22
240 20230204 0 20230204 144 20230204 24 20230204 0 0 20230204 0 20230204 9275 20230204 0 20230204 0 20230204 2 20230204 0 1708 22919253 22919205 38 10
240 20230205 0 20230205 144 20230205 24 20230205 0 0 20230205 0 20230205 9689 20230205 0 20230205 0 20230205 1 20230205 0 1608 21275435 21275380 35 20
240 20230206 0 20230206 144 20230206 24 20230206 0 0 20230206 0 20230206 10594 20230206 0 20230206 0 20230206 0 20230206 0 2048 27924669 27924581 55 33
240 20230207 0 20230207 144 20230207 24 20230207 0 0 20230207 0 20230207 10251 20230207 0 20230207 0 20230207 0 20230207 0 2023 27615689 27615590 57 42
240 20230208 0 20230208 144 20230208 24 20230208 0 0 20230208 0 20230208 10702 20230208 0 20230208 0 20230208 0 20230208 0 2022 27638229 27638135 47 47
240 20230209 0 20230209 144 20230209 24 20230209 0 0 20230209 0 20230209 11083 20230209 0 20230209 0 20230209 0 20230209 0 1978 26874281 26874134 74 73
240 20230210 0 20230210 37 20230210 6 20230210 0 0 20230210 0 20230210 666 20230210 0 20230210 0 20230210 0 20230210 0 72 246162 246162 0 0
250 20230201 0 20230201 1670 20230201 24 20230201 0 0 20230201 14795147 20230201 46517 20230201 0 20230201 154653 20230201 3 20230201 0 25672 56830136 56828823 769 544
250 20230202 0 20230202 1667 20230202 24 20230202 0 0 20230202 14863523 20230202 47956 20230202 0 20230202 161074 20230202 1 20230202 0 25485 56619075 56617723 805 547
250 20230203 0 20230203 1697 20230203 24 20230203 0 0 20230203 15485556 20230203 52964 20230203 0 20230203 164060 20230203 2 20230203 0 26831 59140788 59139519 732 537
250 20230204 0 20230204 1600 20230204 24 20230204 0 0 20230204 13131562 20230204 49097 20230204 0 20230204 146321 20230204 0 20230204 0 24271 53011329 53010186 591 552
250 20230205 0 20230205 1605 20230205 23 20230205 0 0 20230205 12464215 20230205 38953 20230205 0 20230205 145094 20230205 0 20230205 0 22773 49163016 49161786 608 622
250 20230206 0 20230206 1719 20230206 24 20230206 0 0 20230206 16519977 20230206 53596 20230206 0 20230206 169809 20230206 1 20230206 0 27312 59601225 59599750 1019 456
250 20230207 0 20230207 1674 20230207 24 20230207 0 0 20230207 15423592 20230207 53862 20230207 0 20230207 170920 20230207 0 20230207 0 27976 60749873 60748884 707 282
250 20230208 0 20230208 1747 20230208 24 20230208 0 0 20230208 16308278 20230208 52552 20230208 0 20230208 165573 20230208 0 20230208 0 27530 59930473 59929178 641 654
250 20230209 0 20230209 1779 20230209 24 20230209 0 0 20230209 17014340 20230209 53210 20230209 0 20230209 171652 20230209 0 20230209 0 26052 57473174 57472032 655 487
250 20230210 0 20230210 394 20230210 6 20230210 0 0 20230210 1351977 20230210 2751 20230210 0 20230210 8961 20230210 0 20230210 0 398 709824 709455 369 0
270 20230201 0 20230201 586 20230201 24 20230201 0 0 20230201 9644340 20230201 28650 20230201 0 20230201 82334 20230201 0 20230201 0 16866 36547334 36547004 318 12
270 20230202 0 20230202 586 20230202 24 20230202 0 0 20230202 9584696 20230202 30835 20230202 0 20230202 82908 20230202 1 20230202 0 16298 35029124 35028796 303 25
270 20230203 0 20230203 603 20230203 24 20230203 0 0 20230203 11140008 20230203 33105 20230203 0 20230203 83260 20230203 0 20230203 0 17121 37086818 37086432 368 18
270 20230204 0 20230204 585 20230204 24 20230204 0 0 20230204 8696177 20230204 30074 20230204 0 20230204 74684 20230204 0 20230204 0 15587 33332021 33331702 299 20
270 20230205 0 20230205 581 20230205 24 20230205 0 0 20230205 8248053 20230205 28631 20230205 0 20230205 74548 20230205 0 20230205 0 14834 31561444 31561126 293 25
270 20230206 0 20230206 605 20230206 24 20230206 0 0 20230206 11352237 20230206 37465 20230206 0 20230206 92528 20230206 2 20230206 0 18948 40916035 40915618 397 20
270 20230207 0 20230207 609 20230207 24 20230207 0 0 20230207 11691436 20230207 37647 20230207 0 20230207 92355 20230207 0 20230207 0 18094 39273912 39273510 377 25
270 20230208 0 20230208 595 20230208 24 20230208 0 0 20230208 10555413 20230208 35516 20230208 0 20230208 91352 20230208 0 20230208 0 16981 36646659 36646316 333 10
270 20230209 0 20230209 592 20230209 24 20230209 0 0 20230209 10409273 20230209 38516 20230209 0 20230209 90825 20230209 0 20230209 0 16822 36166389 36166071 300 18
270 20230210 0 20230210 146 20230210 6 20230210 0 0 20230210 396325 20230210 1786 20230210 0 20230210 3396 20230210 0 20230210 0 316 409096 409090 6 0
280 20230201 0 20230201 0 20230201 24 20230201 0 0 20230201 0 20230201 39676 20230201 0 20230201 0 20230201 3 20230201 0 34318 75561829 75560941 795 93
280 20230202 0 20230202 0 20230202 24 20230202 0 0 20230202 0 20230202 41164 20230202 0 20230202 0 20230202 2 20230202 0 34286 75449963 75449147 719 97
280 20230203 0 20230203 0 20230203 24 20230203 0 0 20230203 0 20230203 41850 20230203 0 20230203 0 20230203 0 20230203 0 34519 76147043 76146181 792 70
280 20230204 0 20230204 0 20230204 24 20230204 0 0 20230204 0 20230204 38813 20230204 0 20230204 0 20230204 2 20230204 0 31634 69101698 69100893 666 139
280 20230205 0 20230205 0 20230205 24 20230205 0 0 20230205 0 20230205 39133 20230205 0 20230205 0 20230205 0 20230205 0 31021 67639745 67638999 696 50
280 20230206 0 20230206 0 20230206 24 20230206 0 0 20230206 0 20230206 46479 20230206 0 20230206 0 20230206 0 20230206 0 36937 81053527 81052589 853 85
280 20230207 0 20230207 0 20230207 24 20230207 0 0 20230207 0 20230207 44982 20230207 0 20230207 0 20230207 0 20230207 0 34658 76616982 76616091 783 108
280 20230208 0 20230208 0 20230208 24 20230208 0 0 20230208 0 20230208 45964 20230208 0 20230208 0 20230208 0 20230208 0 34288 75618779 75617881 791 107
280 20230209 0 20230209 0 20230209 24 20230209 0 0 20230209 0 20230209 46795 20230209 0 20230209 0 20230209 1 20230209 0 33471 73805836 73804975 762 99
280 20230210 0 20230210 0 20230210 5 20230210 0 0 20230210 0 20230210 2302 20230210 0 20230210 0 20230210 0 20230210 0 593 982679 982669 10 0
290 20230201 0 20230201 603 20230201 22 20230201 0 0 20230201 6545259 20230201 22251 20230201 0 20230201 9491 20230201 2 20230201 0 14385 30779601 30776541 406 2654
290 20230202 0 20230202 638 20230202 24 20230202 0 0 20230202 5371576 20230202 22641 20230202 0 20230202 6907 20230202 0 20230202 0 14438 30881761 30879375 512 1874
290 20230203 0 20230203 615 20230203 20 20230203 0 0 20230203 5302116 20230203 16049 20230203 0 20230203 6904 20230203 0 20230203 0 15085 32206424 32203647 430 2347
290 20230204 0 20230204 586 20230204 21 20230204 0 0 20230204 4683619 20230204 19424 20230204 0 20230204 6297 20230204 1 20230204 0 13539 28798735 28798012 381 342
290 20230205 0 20230205 618 20230205 23 20230205 0 0 20230205 4529744 20230205 22458 20230205 0 20230205 5291 20230205 0 20230205 0 13141 28026071 28025368 471 232
290 20230206 0 20230206 622 20230206 20 20230206 0 0 20230206 5378289 20230206 20580 20230206 0 20230206 6311 20230206 1 20230206 0 15767 34289864 34286462 415 2987
290 20230207 0 20230207 627 20230207 22 20230207 0 0 20230207 5277261 20230207 26257 20230207 0 20230207 6938 20230207 0 20230207 0 15469 33345760 33342604 339 2817
290 20230208 0 20230208 593 20230208 24 20230208 0 0 20230208 5347765 20230208 26795 20230208 0 20230208 6492 20230208 0 20230208 0 14826 31642982 31639815 309 2858
290 20230209 0 20230209 633 20230209 24 20230209 0 0 20230209 5299278 20230209 25561 20230209 0 20230209 6613 20230209 0 20230209 0 14986 31936526 31933736 321 2469
290 20230210 0 20230210 141 20230210 5 20230210 0 0 20230210 298956 20230210 1293 20230210 0 20230210 0 20230210 0 20230210 0 311 358768 358761 6 1
311 20230201 12657 20230201 929 20230201 24 20230201 26163711 8557981 20230201 10526588 20230201 20372 20230201 17233485 20230201 319 20230201 1 20230201 828 3219 46432516 46431750 5 761
311 20230202 12781 20230202 926 20230202 24 20230202 26652061 8641697 20230202 9711644 20230202 20142 20230202 17665680 20230202 132 20230202 0 20230202 716 3191 46011400 46010747 5 648
311 20230203 12929 20230203 969 20230203 24 20230203 27537362 8834455 20230203 10689265 20230203 20870 20230203 18384669 20230203 136 20230203 2 20230203 746 3267 47348571 47347903 5 663
311 20230204 12248 20230204 968 20230204 24 20230204 24442266 7854858 20230204 11191741 20230204 19533 20230204 16320105 20230204 148 20230204 1 20230204 648 3005 43212698 43212105 3 590
311 20230205 11721 20230205 1107 20230205 24 20230205 21775223 6962036 20230205 14935575 20230205 19909 20230205 14611361 20230205 130 20230205 3 20230205 658 2761 39386717 39386142 5 570
311 20230206 13212 20230206 1002 20230206 24 20230206 29020355 9392664 20230206 12686849 20230206 21112 20230206 19329424 20230206 187 20230206 2 20230206 751 3550 51447947 51447222 5 720
311 20230207 13141 20230207 1148 20230207 24 20230207 28609845 9372652 20230207 16441551 20230207 20988 20230207 18929677 20230207 102 20230207 0 20230207 726 3508 50775682 50774980 3 699
311 20230208 13093 20230208 970 20230208 24 20230208 28321598 9253152 20230208 11834637 20230208 20743 20230208 18749398 20230208 141 20230208 0 20230208 719 3462 50108863 50108181 5 677
311 20230209 12817 20230209 983 20230209 24 20230209 26977294 8962081 20230209 11163283 20230209 21919 20230209 17688853 20230209 118 20230209 1 20230209 686 3183 45918171 45917484 10 677
311 20230210 2476 20230210 212 20230210 5 20230210 165307 71906 20230210 280871 20230210 1073 20230210 91524 20230210 21 20230210 0 20230210 5 72 397332 397330 0 2
351 20230201 2867 20230201 932 20230201 24 20230201 5792072 3633158 20230201 2812994 20230201 14726 20230201 1818456 20230201 0 20230201 0 20230201 12 12131 26553380 26551930 237 1213
351 20230202 2862 20230202 957 20230202 24 20230202 5927453 3648799 20230202 2887692 20230202 13495 20230202 1933939 20230202 0 20230202 0 20230202 13 12003 26187616 26186169 235 1212
351 20230203 2863 20230203 962 20230203 24 20230203 6065238 3722564 20230203 2883119 20230203 13451 20230203 1995754 20230203 0 20230203 0 20230203 31 12474 27274605 27273153 250 1202
351 20230204 2865 20230204 949 20230204 24 20230204 5231745 3358154 20230204 2592888 20230204 13760 20230204 1552723 20230204 0 20230204 0 20230204 15 11372 25078644 25078389 253 2
351 20230205 2865 20230205 967 20230205 24 20230205 4683485 3121851 20230205 2537699 20230205 13769 20230205 1265600 20230205 0 20230205 0 20230205 19 10942 23752443 23752203 239 1
351 20230206 2864 20230206 955 20230206 24 20230206 6401949 4013585 20230206 3091998 20230206 14396 20230206 2015640 20230206 0 20230206 0 20230206 42 13448 29933234 29932827 290 117
351 20230207 2865 20230207 965 20230207 24 20230207 6619147 3995915 20230207 2997430 20230207 14157 20230207 2247918 20230207 0 20230207 0 20230207 44 13254 29485425 29484728 282 415
351 20230208 2864 20230208 969 20230208 24 20230208 6594672 3905592 20230208 3065532 20230208 14458 20230208 2323492 20230208 0 20230208 0 20230208 37 12812 28403881 28403576 244 61
351 20230209 2868 20230209 975 20230209 24 20230209 6356657 3653274 20230209 2959017 20230209 14007 20230209 2360560 20230209 0 20230209 0 20230209 12 11548 25404846 25404591 255 0
351 20230210 684 20230210 240 20230210 4 20230210 51073 38616 20230210 138633 20230210 768 20230210 8785 20230210 0 20230210 0 20230210 0 170 252317 252313 4 0
371 20230201 0 20230201 1107 20230201 24 20230201 0 0 20230201 10857323 20230201 36937 20230201 0 20230201 0 20230201 8 20230201 0 31368 67026214 67025655 516 43
371 20230202 0 20230202 1095 20230202 24 20230202 0 0 20230202 11248834 20230202 37237 20230202 0 20230202 0 20230202 0 20230202 0 31234 66687287 66686792 482 13
371 20230203 0 20230203 1106 20230203 24 20230203 0 0 20230203 12429139 20230203 37869 20230203 0 20230203 0 20230203 1 20230203 0 32516 69819037 69818476 550 11
371 20230204 0 20230204 1112 20230204 24 20230204 0 0 20230204 11311248 20230204 35810 20230204 0 20230204 0 20230204 0 20230204 0 30796 65350673 65350177 483 13
371 20230205 0 20230205 1106 20230205 24 20230205 0 0 20230205 10080800 20230205 37401 20230205 0 20230205 0 20230205 2 20230205 0 28919 61300863 61300411 442 10
371 20230206 0 20230206 1098 20230206 24 20230206 0 0 20230206 12526338 20230206 39050 20230206 0 20230206 0 20230206 2 20230206 0 34806 74535733 74535218 498 17
371 20230207 0 20230207 1115 20230207 24 20230207 0 0 20230207 12295103 20230207 38401 20230207 0 20230207 0 20230207 0 20230207 0 34769 74458515 74457990 512 13
371 20230208 0 20230208 1125 20230208 24 20230208 0 0 20230208 12615619 20230208 39378 20230208 0 20230208 0 20230208 0 20230208 0 32679 70116738 70116159 447 132
371 20230209 0 20230209 1106 20230209 24 20230209 0 0 20230209 13260039 20230209 39070 20230209 0 20230209 0 20230209 0 20230209 0 31559 67481361 67480894 421 46
371 20230210 0 20230210 273 20230210 5 20230210 0 0 20230210 1047000 20230210 2164 20230210 0 20230210 0 20230210 0 20230210 0 626 821796 821792 3 1
431 20230201 3806 20230201 662 20230201 24 20230201 8785952 3239832 20230201 1672510 20230201 7099 20230201 5546056 20230201 0 20230201 0 20230201 64 7652 15274675 15272405 117 2153
431 20230202 3859 20230202 662 20230202 24 20230202 9149323 3314257 20230202 2112306 20230202 7215 20230202 5835003 20230202 0 20230202 1 20230202 63 7774 15530339 15529834 144 361
431 20230203 3859 20230203 654 20230203 24 20230203 9172640 3327435 20230203 1747569 20230203 7530 20230203 5845148 20230203 0 20230203 0 20230203 57 7872 15732612 15728705 135 3772
431 20230204 3745 20230204 662 20230204 24 20230204 8483113 2977955 20230204 1378827 20230204 7280 20230204 5505104 20230204 0 20230204 0 20230204 54 7107 14100507 14100093 119 295
431 20230205 3749 20230205 651 20230205 24 20230205 8804591 2887286 20230205 1292424 20230205 7524 20230205 5917261 20230205 0 20230205 0 20230205 44 7145 14123240 14122929 113 198
431 20230206 3959 20230206 657 20230206 24 20230206 9938593 3637953 20230206 1671891 20230206 10095 20230206 6300552 20230206 0 20230206 0 20230206 88 8645 17351313 17351137 136 40
431 20230207 3959 20230207 666 20230207 24 20230207 9900616 3683882 20230207 1743307 20230207 9523 20230207 6216633 20230207 0 20230207 0 20230207 101 8589 17227466 17227264 168 34
431 20230208 3942 20230208 671 20230208 24 20230208 9771796 3604791 20230208 1909194 20230208 7699 20230208 6166946 20230208 0 20230208 0 20230208 59 8540 17143054 17142884 121 49
431 20230209 3938 20230209 667 20230209 24 20230209 9718962 3636607 20230209 1795980 20230209 8597 20230209 6082231 20230209 0 20230209 0 20230209 124 8458 16983513 16983362 124 27
431 20230210 654 20230210 178 20230210 5 20230210 77399 35649 20230210 86099 20230210 366 20230210 41748 20230210 0 20230210 0 20230210 2 296 185319 185305 14 0
451 20230201 13214 20230201 1872 20230201 24 20230201 10950870 3357897 20230201 3518473 20230201 8270 20230201 7592959 20230201 474 20230201 1 20230201 14 1464 19489686 19489667 15 4
451 20230202 13261 20230202 1872 20230202 24 20230202 10962426 3388424 20230202 3451281 20230202 8232 20230202 7573989 20230202 2191 20230202 0 20230202 13 1472 19579809 19579796 11 2
451 20230203 12994 20230203 1872 20230203 24 20230203 11008961 3408986 20230203 3847056 20230203 8159 20230203 7599963 20230203 195 20230203 0 20230203 12 1486 19628172 19628151 19 2
451 20230204 12880 20230204 1875 20230204 24 20230204 10193086 3049609 20230204 4230754 20230204 7713 20230204 7143470 20230204 336 20230204 0 20230204 7 1345 17546018 17545992 16 10
451 20230205 12861 20230205 1870 20230205 24 20230205 10593871 2933950 20230205 3717636 20230205 8313 20230205 7659917 20230205 344 20230205 1 20230205 4 1355 17718561 17703615 14 14932
451 20230206 13095 20230206 1872 20230206 24 20230206 12001236 3669503 20230206 3962245 20230206 8794 20230206 8331701 20230206 319 20230206 0 20230206 32 1595 21469997 21469977 18 2
451 20230207 13152 20230207 1872 20230207 24 20230207 12005783 3675439 20230207 4334057 20230207 9287 20230207 8330331 20230207 1365 20230207 0 20230207 13 1581 21171689 21171664 16 9
451 20230208 13211 20230208 1871 20230208 24 20230208 11799590 3643133 20230208 4720040 20230208 8813 20230208 8156438 20230208 632 20230208 0 20230208 19 1574 21106182 21106040 20 122
451 20230209 13093 20230209 1872 20230209 24 20230209 11707465 3653041 20230209 4183206 20230209 8926 20230209 8054410 20230209 1128 20230209 0 20230209 14 1561 20916587 20916553 21 13
451 20230210 2945 20230210 484 20230210 5 20230210 114575 39077 20230210 236777 20230210 539 20230210 75498 20230210 0 20230210 0 20230210 0 72 212393 212393 0 0
471 20230201 6457 20230201 1579 20230201 24 20230201 2886053 2833914 20230201 2133358 20230201 8485 20230201 52134 20230201 0 20230201 0 20230201 5 8431 16945297 16944404 207 686
471 20230202 6454 20230202 1582 20230202 24 20230202 2945322 2894454 20230202 2094211 20230202 8430 20230202 50860 20230202 0 20230202 0 20230202 8 8506 17104121 17103303 175 643
471 20230203 6452 20230203 1582 20230203 24 20230203 2945483 2893885 20230203 2103187 20230203 8676 20230203 51583 20230203 0 20230203 0 20230203 15 8634 17367160 17366279 172 709
471 20230204 6452 20230204 1581 20230204 24 20230204 2616396 2585805 20230204 1814535 20230204 7884 20230204 30581 20230204 0 20230204 0 20230204 10 7764 15522447 15521612 181 654
471 20230205 6468 20230205 1582 20230205 24 20230205 2508114 2482113 20230205 1881900 20230205 8275 20230205 25989 20230205 0 20230205 0 20230205 12 7590 15131384 15130532 156 696
471 20230206 6478 20230206 1582 20230206 24 20230206 3253789 3196595 20230206 2419399 20230206 9018 20230206 57182 20230206 0 20230206 0 20230206 12 9475 19220420 19219512 169 739
471 20230207 6459 20230207 1581 20230207 24 20230207 3246292 3189353 20230207 2135852 20230207 9219 20230207 56925 20230207 0 20230207 0 20230207 14 9350 18924742 18923823 160 759
471 20230208 6465 20230208 1580 20230208 24 20230208 3221435 3163792 20230208 2182327 20230208 9657 20230208 57623 20230208 0 20230208 0 20230208 20 9349 18954041 18953203 157 681
471 20230209 6479 20230209 1580 20230209 24 20230209 3090488 3035510 20230209 2247550 20230209 9619 20230209 54962 20230209 0 20230209 0 20230209 16 8688 17543209 17542372 145 692
471 20230210 1457 20230210 405 20230210 5 20230210 33088 31763 20230210 71294 20230210 387 20230210 1325 20230210 0 20230210 0 20230210 0 296 185487 185485 1 1
531 20230201 0 20230201 1543 20230201 24 20230201 0 0 20230201 15940645 20230201 30584 20230201 0 20230201 2855749 20230201 1 20230201 0 9426 76442251 76442218 0 33
531 20230202 0 20230202 1524 20230202 24 20230202 0 0 20230202 15967896 20230202 30850 20230202 0 20230202 623241 20230202 0 20230202 0 9568 77568173 77568118 0 55
531 20230203 0 20230203 1518 20230203 24 20230203 0 0 20230203 17554563 20230203 31677 20230203 0 20230203 631083 20230203 0 20230203 0 9838 79714796 79714743 0 53
531 20230204 0 20230204 1520 20230204 24 20230204 0 0 20230204 12915396 20230204 30929 20230204 0 20230204 828899 20230204 3 20230204 0 9039 72869457 72869426 0 31
531 20230205 0 20230205 1505 20230205 24 20230205 0 0 20230205 13005949 20230205 29836 20230205 0 20230205 707831 20230205 0 20230205 0 7990 64082321 64082254 0 67
531 20230206 0 20230206 1528 20230206 24 20230206 0 0 20230206 18080495 20230206 32175 20230206 0 20230206 492733 20230206 3 20230206 0 10847 88056509 88056465 0 44
531 20230207 0 20230207 1554 20230207 24 20230207 0 0 20230207 17437237 20230207 32725 20230207 0 20230207 405100 20230207 0 20230207 0 10470 85032920 85032826 0 94
531 20230208 0 20230208 1590 20230208 24 20230208 0 0 20230208 17842011 20230208 31422 20230208 0 20230208 1894960 20230208 0 20230208 0 10320 83858364 83858311 1 52
531 20230209 0 20230209 1574 20230209 24 20230209 0 0 20230209 18912673 20230209 32771 20230209 0 20230209 397806 20230209 0 20230209 0 9955 80878054 80878004 3 47
531 20230210 0 20230210 364 20230210 4 20230210 0 0 20230210 386081 20230210 1297 20230210 0 20230210 14377 20230210 0 20230210 0 124 771459 771459 0 0
551 20230201 0 20230201 808 20230201 24 20230201 0 0 20230201 4897951 20230201 28882 20230201 0 20230201 0 20230201 0 20230201 0 2528 34270066 34270050 1 15
551 20230202 0 20230202 771 20230202 24 20230202 0 0 20230202 4809078 20230202 30657 20230202 0 20230202 0 20230202 0 20230202 0 2458 33105082 33105063 3 16
551 20230203 0 20230203 855 20230203 24 20230203 0 0 20230203 5213049 20230203 32918 20230203 0 20230203 0 20230203 1 20230203 0 2530 34128327 34128312 4 11
551 20230204 0 20230204 813 20230204 24 20230204 0 0 20230204 4568496 20230204 31877 20230204 0 20230204 1 20230204 2 20230204 0 2343 31431512 31431500 0 12
551 20230205 0 20230205 808 20230205 24 20230205 0 0 20230205 4116055 20230205 28622 20230205 0 20230205 0 20230205 2 20230205 0 2168 28953350 28953344 0 6
551 20230206 0 20230206 846 20230206 24 20230206 0 0 20230206 5667528 20230206 36109 20230206 0 20230206 1 20230206 0 20230206 0 2695 36645932 36645905 1 26
551 20230207 0 20230207 837 20230207 24 20230207 0 0 20230207 5403351 20230207 36920 20230207 0 20230207 0 20230207 0 20230207 0 2621 35381681 35381654 4 23
551 20230208 0 20230208 862 20230208 24 20230208 0 0 20230208 5503351 20230208 34937 20230208 0 20230208 0 20230208 0 20230208 0 2539 34366955 34366865 2 88
551 20230209 0 20230209 809 20230209 24 20230209 0 0 20230209 5514625 20230209 36295 20230209 0 20230209 0 20230209 0 20230209 0 2374 32041884 32041750 2 132
551 20230210 0 20230210 221 20230210 5 20230210 0 0 20230210 181873 20230210 1220 20230210 0 20230210 0 20230210 0 20230210 0 72 390802 390802 0 0
571 20230201 0 20230201 1733 20230201 24 20230201 0 0 20230201 5735495 20230201 32361 20230201 0 20230201 320565 20230201 0 20230201 0 18337 40230805 40230118 524 163
571 20230202 0 20230202 1732 20230202 24 20230202 0 0 20230202 6075492 20230202 33465 20230202 0 20230202 321550 20230202 3 20230202 0 18513 40512463 40511805 521 137
571 20230203 0 20230203 1733 20230203 24 20230203 0 0 20230203 6510858 20230203 34715 20230203 0 20230203 316000 20230203 0 20230203 0 18809 41152729 41152071 476 182
571 20230204 0 20230204 1734 20230204 24 20230204 0 0 20230204 4925096 20230204 32275 20230204 0 20230204 316204 20230204 0 20230204 0 16766 36338841 36338288 417 136
571 20230205 0 20230205 1734 20230205 24 20230205 0 0 20230205 4516883 20230205 33627 20230205 0 20230205 314712 20230205 1 20230205 0 15799 33976599 33976011 420 168
571 20230206 0 20230206 1734 20230206 24 20230206 0 0 20230206 6210799 20230206 39211 20230206 0 20230206 311613 20230206 0 20230206 0 20100 44816424 44815591 560 273
571 20230207 0 20230207 1735 20230207 24 20230207 0 0 20230207 6097722 20230207 40243 20230207 0 20230207 307868 20230207 0 20230207 0 19922 44342560 44341839 535 186
571 20230208 0 20230208 1733 20230208 24 20230208 0 0 20230208 6634314 20230208 40172 20230208 0 20230208 308123 20230208 1 20230208 0 19803 44062263 44061536 510 217
571 20230209 0 20230209 1734 20230209 24 20230209 0 0 20230209 6088544 20230209 42296 20230209 0 20230209 307133 20230209 0 20230209 0 19665 43753849 43753101 553 195
571 20230210 0 20230210 452 20230210 5 20230210 0 0 20230210 145344 20230210 1432 20230210 0 20230210 79373 20230210 0 20230210 0 367 613496 613477 11 8
591 20230201 0 20230201 356 20230201 24 20230201 0 0 20230201 307847 20230201 16668 20230201 0 20230201 0 20230201 0 20230201 0 4088 34960743 34960705 10 28
591 20230202 0 20230202 381 20230202 24 20230202 0 0 20230202 307277 20230202 17455 20230202 0 20230202 0 20230202 0 20230202 0 4101 35035818 35035800 12 6
591 20230203 0 20230203 340 20230203 24 20230203 0 0 20230203 296936 20230203 17858 20230203 0 20230203 0 20230203 0 20230203 0 4089 34982933 34982916 12 5
591 20230204 0 20230204 337 20230204 24 20230204 0 0 20230204 332876 20230204 17370 20230204 0 20230204 0 20230204 2 20230204 0 3640 30863332 30863310 10 12
591 20230205 0 20230205 349 20230205 24 20230205 0 0 20230205 266154 20230205 17787 20230205 0 20230205 0 20230205 2 20230205 0 3333 28080314 28080291 12 11
591 20230206 0 20230206 358 20230206 24 20230206 0 0 20230206 249458 20230206 19487 20230206 0 20230206 0 20230206 0 20230206 0 4442 38017655 38017630 15 10
591 20230207 0 20230207 377 20230207 24 20230207 0 0 20230207 320571 20230207 19535 20230207 0 20230207 0 20230207 0 20230207 0 4268 36517658 36517631 10 17
591 20230208 0 20230208 359 20230208 24 20230208 0 0 20230208 312517 20230208 19395 20230208 0 20230208 0 20230208 0 20230208 0 4226 36058768 36058684 22 62
591 20230209 0 20230209 359 20230209 22 20230209 0 0 20230209 315453 20230209 18262 20230209 0 20230209 0 20230209 0 20230209 0 4168 35575654 35575572 13 69
591 20230210 0 20230210 370 20230210 0 20230210 0 0 20230210 361973 20230210 0 20230210 0 20230210 0 20230210 0 20230210 0 96 559023 559022 1 0
731 20230201 42328 20230201 1063 20230201 24 20230201 25412014 8850424 20230201 7449812 20230201 33151 20230201 15726885 20230201 0 20230201 0 20230201 79 5731 50052774 50050503 2241 30
731 20230202 42264 20230202 1063 20230202 24 20230202 24226979 8740219 20230202 7974580 20230202 33866 20230202 14813956 20230202 0 20230202 0 20230202 57 5527 48244439 48242252 2170 17
731 20230203 42251 20230203 1062 20230203 24 20230203 23814029 8634431 20230203 8169477 20230203 34763 20230203 14483660 20230203 0 20230203 0 20230203 75 5479 47838314 47836088 2198 28
731 20230204 42259 20230204 1064 20230204 24 20230204 22234667 7779690 20230204 6369985 20230204 33527 20230204 13753049 20230204 0 20230204 0 20230204 62 5035 43664602 43662533 2055 14
731 20230205 42302 20230205 1061 20230205 24 20230205 20841498 7194272 20230205 6820297 20230205 32939 20230205 13102848 20230205 0 20230205 0 20230205 47 4853 41886320 41884231 2070 19
731 20230206 42308 20230206 1065 20230206 24 20230206 25760969 9371748 20230206 9937752 20230206 39558 20230206 15794032 20230206 0 20230206 0 20230206 67 6128 53759600 53748821 2500 8279
731 20230207 42181 20230207 1061 20230207 24 20230207 24821812 9135629 20230207 9054708 20230207 38875 20230207 15062406 20230207 0 20230207 0 20230207 48 5950 52131310 52128880 2401 29
731 20230208 42223 20230208 1063 20230208 24 20230208 24199743 9065455 20230208 9017737 20230208 39652 20230208 14567121 20230208 0 20230208 0 20230208 64 5792 50843063 50840798 2245 20
731 20230209 42253 20230209 1063 20230209 24 20230209 23973476 9068416 20230209 8485174 20230209 39998 20230209 14358160 20230209 0 20230209 0 20230209 85 5713 50108485 50106233 2226 26
731 20230210 10100 20230210 279 20230210 5 20230210 276129 127833 20230210 292718 20230210 2001 20230210 141146 20230210 0 20230210 0 20230210 6 163 726214 726166 46 2
771 20230201 0 20230201 1733 20230201 24 20230201 0 0 20230201 2477670 20230201 30128 20230201 0 20230201 2051 20230201 0 20230201 0 12459 26061447 26061182 253 12
771 20230202 0 20230202 1736 20230202 24 20230202 0 0 20230202 2501432 20230202 30759 20230202 0 20230202 1188 20230202 2 20230202 0 12401 25918787 25918543 237 7
771 20230203 0 20230203 1734 20230203 24 20230203 0 0 20230203 2695340 20230203 31410 20230203 0 20230203 1630 20230203 0 20230203 0 12181 25446262 25446016 240 6
771 20230204 0 20230204 1729 20230204 24 20230204 0 0 20230204 2454551 20230204 30629 20230204 0 20230204 1489 20230204 0 20230204 0 10700 22154951 22154724 219 8
771 20230205 0 20230205 1734 20230205 24 20230205 0 0 20230205 2418326 20230205 30163 20230205 0 20230205 3564 20230205 0 20230205 0 10494 21727489 21727296 190 3
771 20230206 0 20230206 1680 20230206 24 20230206 0 0 20230206 2842347 20230206 34087 20230206 0 20230206 1224 20230206 0 20230206 0 12867 26912778 26912537 232 9
771 20230207 0 20230207 1789 20230207 24 20230207 0 0 20230207 2881814 20230207 32641 20230207 0 20230207 2829 20230207 0 20230207 0 12257 25587049 25586739 303 7
771 20230208 0 20230208 1734 20230208 24 20230208 0 0 20230208 2772803 20230208 32918 20230208 0 20230208 1423 20230208 0 20230208 0 12141 25341987 25341750 214 23
771 20230209 0 20230209 1732 20230209 24 20230209 0 0 20230209 2866301 20230209 34928 20230209 0 20230209 1665 20230209 1 20230209 0 12174 25384410 25383957 432 21
771 20230210 0 20230210 456 20230210 5 20230210 0 0 20230210 109060 20230210 2124 20230210 0 20230210 7 20230210 0 20230210 0 328 436452 436437 15 0
791 20230201 0 20230201 853 20230201 24 20230201 0 0 20230201 128751 20230201 15863 20230201 0 20230201 0 20230201 0 20230201 0 11369 24254109 24247416 303 6390
791 20230202 0 20230202 855 20230202 24 20230202 0 0 20230202 133712 20230202 16412 20230202 0 20230202 0 20230202 1 20230202 0 11009 23365001 23359365 549 5087
791 20230203 0 20230203 853 20230203 24 20230203 0 0 20230203 139878 20230203 17046 20230203 0 20230203 0 20230203 0 20230203 0 10681 22650007 22644734 304 4969
791 20230204 0 20230204 849 20230204 24 20230204 0 0 20230204 126955 20230204 17161 20230204 0 20230204 0 20230204 0 20230204 0 9521 20052568 20046996 352 5220
791 20230205 0 20230205 849 20230205 24 20230205 0 0 20230205 136258 20230205 15793 20230205 0 20230205 0 20230205 1 20230205 0 8695 18233592 18228257 242 5093
791 20230206 0 20230206 847 20230206 24 20230206 0 0 20230206 117212 20230206 18333 20230206 0 20230206 0 20230206 0 20230206 0 11792 25212304 25206320 283 5701
791 20230207 0 20230207 862 20230207 24 20230207 0 0 20230207 159051 20230207 19009 20230207 0 20230207 0 20230207 0 20230207 0 11563 24622461 24616179 259 6023
791 20230208 0 20230208 820 20230208 24 20230208 0 0 20230208 12993 20230208 18915 20230208 0 20230208 0 20230208 0 20230208 0 10947 23309291 23303746 260 5285
791 20230209 0 20230209 656 20230209 24 20230209 0 0 20230209 11921 20230209 20096 20230209 0 20230209 0 20230209 0 20230209 0 10795 22919107 22913874 240 4993
791 20230210 0 20230210 86 20230210 5 20230210 0 0 20230210 233 20230210 906 20230210 0 20230210 0 20230210 0 20230210 0 304 289108 288938 17 153
851 20230201 0 20230201 2881 20230201 24 20230201 0 0 20230201 3834355 20230201 34166 20230201 0 20230201 81 20230201 0 20230201 0 18126 37721388 37721031 339 18
851 20230202 0 20230202 2884 20230202 24 20230202 0 0 20230202 3762440 20230202 34754 20230202 0 20230202 19 20230202 0 20230202 0 17012 35570256 35569949 289 18
851 20230203 0 20230203 2885 20230203 24 20230203 0 0 20230203 3816924 20230203 37302 20230203 0 20230203 541 20230203 0 20230203 0 17027 35518588 35518287 294 7
851 20230204 0 20230204 2891 20230204 24 20230204 0 0 20230204 3308775 20230204 30142 20230204 0 20230204 63 20230204 1 20230204 0 15435 31962132 31961835 281 16
851 20230205 0 20230205 2883 20230205 24 20230205 0 0 20230205 3048810 20230205 27350 20230205 0 20230205 94 20230205 2 20230205 0 15374 31954522 31954225 292 5
851 20230206 0 20230206 2888 20230206 24 20230206 0 0 20230206 3904484 20230206 39829 20230206 0 20230206 42 20230206 0 20230206 0 18564 38950665 38950296 359 10
851 20230207 0 20230207 2884 20230207 24 20230207 0 0 20230207 3883419 20230207 44023 20230207 0 20230207 214 20230207 0 20230207 0 17853 37432618 37432246 355 17
851 20230208 0 20230208 2881 20230208 24 20230208 0 0 20230208 3942179 20230208 44401 20230208 0 20230208 40 20230208 0 20230208 0 17816 37142203 37141846 324 33
851 20230209 0 20230209 2647 20230209 24 20230209 0 0 20230209 4178567 20230209 48348 20230209 0 20230209 47 20230209 0 20230209 0 17664 36879540 36879197 291 52
851 20230210 0 20230210 747 20230210 5 20230210 0 0 20230210 217997 20230210 2041 20230210 0 20230210 1 20230210 0 20230210 0 424 699018 699012 5 1
871 20230201 0 20230201 737 20230201 24 20230201 0 0 20230201 4023214 20230201 36625 20230201 0 20230201 57 20230201 0 20230201 0 2295 30422636 30422576 35 25
871 20230202 0 20230202 729 20230202 24 20230202 0 0 20230202 3894360 20230202 36731 20230202 0 20230202 46 20230202 1 20230202 0 2262 29929932 29929882 28 22
871 20230203 0 20230203 720 20230203 24 20230203 0 0 20230203 4048885 20230203 37402 20230203 0 20230203 44 20230203 4 20230203 0 2266 29927464 29927412 32 20
871 20230204 0 20230204 720 20230204 24 20230204 0 0 20230204 3568643 20230204 35330 20230204 0 20230204 15 20230204 2 20230204 0 2095 27623692 27623649 31 12
871 20230205 0 20230205 716 20230205 24 20230205 0 0 20230205 3440840 20230205 34245 20230205 0 20230205 35 20230205 2 20230205 0 2084 27599195 27599152 26 17
871 20230206 0 20230206 731 20230206 24 20230206 0 0 20230206 4172101 20230206 40869 20230206 0 20230206 36 20230206 2 20230206 0 2386 31771681 31771622 34 25
871 20230207 0 20230207 718 20230207 24 20230207 0 0 20230207 4413355 20230207 40475 20230207 0 20230207 26 20230207 0 20230207 0 2320 30809518 30809467 24 27
871 20230208 0 20230208 716 20230208 24 20230208 0 0 20230208 4507140 20230208 42225 20230208 0 20230208 45 20230208 0 20230208 0 2349 31118143 31089547 43 28553
871 20230209 0 20230209 716 20230209 24 20230209 0 0 20230209 4597524 20230209 42399 20230209 0 20230209 16 20230209 0 20230209 0 2316 30649174 30649098 41 35
871 20230210 0 20230210 147 20230210 5 20230210 0 0 20230210 211389 20230210 2070 20230210 0 20230210 0 20230210 0 20230210 0 80 504264 504260 0 4
891 20230201 295 20230201 97 20230201 24 20230201 1330631 395378 20230201 203722 20230201 5573 20230201 934460 20230201 92 20230201 0 20230201 0 1865 3057114 3057080 32 2
891 20230202 293 20230202 97 20230202 24 20230202 1343410 401389 20230202 187131 20230202 5569 20230202 941097 20230202 173 20230202 0 20230202 3 1864 3056639 3056601 30 8
891 20230203 295 20230203 97 20230203 24 20230203 1352893 402021 20230203 204566 20230203 5494 20230203 949904 20230203 176 20230203 0 20230203 1 1885 3105894 3105863 31 0
891 20230204 291 20230204 97 20230204 24 20230204 1274415 375564 20230204 162553 20230204 4754 20230204 898221 20230204 97 20230204 0 20230204 2 1696 2721386 2721358 27 1
891 20230205 288 20230205 97 20230205 24 20230205 1196871 371542 20230205 173119 20230205 4735 20230205 824919 20230205 88 20230205 0 20230205 0 1712 2743614 2743585 29 0
891 20230206 290 20230206 97 20230206 24 20230206 1297510 425001 20230206 210950 20230206 6000 20230206 871680 20230206 100 20230206 0 20230206 3 1970 3279506 3279465 39 2
891 20230207 291 20230207 97 20230207 24 20230207 1273105 412658 20230207 197029 20230207 6194 20230207 859573 20230207 123 20230207 0 20230207 1 1951 3236369 3236324 41 4
891 20230208 290 20230208 97 20230208 24 20230208 1298122 417251 20230208 222338 20230208 5840 20230208 879956 20230208 131 20230208 0 20230208 3 1976 3297253 3297210 38 5
891 20230209 291 20230209 97 20230209 24 20230209 1315262 425935 20230209 204706 20230209 6594 20230209 888386 20230209 101 20230209 0 20230209 1 2000 3353343 3353301 36 6
891 20230210 72 20230210 26 20230210 4 20230210 27782 9732 20230210 21533 20230210 442 20230210 18022 20230210 2 20230210 0 20230210 0 296 73412 73412 0 0
898 20230201 1435 20230201 568 20230201 24 20230201 1612851 1589020 20230201 3729609 20230201 11429 20230201 23797 20230201 0 20230201 0 20230201 34 4240 8298898 8298804 84 10
898 20230202 1434 20230202 542 20230202 24 20230202 1604700 1582104 20230202 2184847 20230202 10769 20230202 22540 20230202 0 20230202 0 20230202 56 4187 8228941 8228855 84 2
898 20230203 1434 20230203 554 20230203 24 20230203 1639387 1616528 20230203 2311691 20230203 11349 20230203 22810 20230203 0 20230203 0 20230203 49 4237 8317401 8317330 70 1
898 20230204 1434 20230204 586 20230204 24 20230204 1506283 1488676 20230204 2458814 20230204 10817 20230204 17583 20230204 0 20230204 1 20230204 24 4116 8070548 8070472 75 1
898 20230205 1434 20230205 557 20230205 24 20230205 1392920 1378300 20230205 2212480 20230205 11370 20230205 14584 20230205 0 20230205 0 20230205 36 3897 7620938 7620874 62 2
898 20230206 1433 20230206 545 20230206 24 20230206 1730438 1709758 20230206 2305515 20230206 13166 20230206 20645 20230206 0 20230206 1 20230206 35 4630 9150611 9150531 76 4
898 20230207 1435 20230207 522 20230207 24 20230207 1744505 1719715 20230207 2105074 20230207 13726 20230207 24754 20230207 0 20230207 0 20230207 36 4628 9127713 9127374 91 248
898 20230208 1434 20230208 528 20230208 24 20230208 1740584 1717595 20230208 2146203 20230208 13376 20230208 22943 20230208 0 20230208 0 20230208 46 4625 9122526 9122452 71 3
898 20230209 1433 20230209 525 20230209 24 20230209 1761888 1736385 20230209 2149147 20230209 14047 20230209 25461 20230209 0 20230209 0 20230209 42 4642 9148285 9148185 98 2
898 20230210 354 20230210 104 20230210 4 20230210 52290 50351 20230210 204453 20230210 860 20230210 1939 20230210 0 20230210 0 20230210 0 297 225243 225241 2 0
931 20230201 7430 20230201 748 20230201 24 20230201 6577778 2456785 20230201 2720231 20230201 14736 20230201 3132084 20230201 1 20230201 1 20230201 33017 4816 17117012 17116983 22 7
931 20230202 7454 20230202 762 20230202 24 20230202 6811880 2518110 20230202 3159570 20230202 14732 20230202 3298885 20230202 0 20230202 0 20230202 34495 4974 17691569 17691538 25 6
931 20230203 7472 20230203 767 20230203 24 20230203 6834922 2533231 20230203 3114516 20230203 14789 20230203 3296725 20230203 0 20230203 0 20230203 34883 5018 17883889 17883862 23 4
931 20230204 7280 20230204 727 20230204 24 20230204 5793336 2331040 20230204 2639892 20230204 13855 20230204 2509877 20230204 0 20230204 0 20230204 31670 4636 16395609 16395594 13 2
931 20230205 7213 20230205 742 20230205 24 20230205 5705994 2400273 20230205 2593817 20230205 14002 20230205 2282685 20230205 0 20230205 0 20230205 34934 4796 16994301 16994283 18 0
931 20230206 7432 20230206 773 20230206 24 20230206 6980063 2686618 20230206 2752272 20230206 16685 20230206 3221850 20230206 0 20230206 0 20230206 38810 5360 19182224 19182190 32 2
931 20230207 7485 20230207 787 20230207 24 20230207 6938665 2576473 20230207 2527347 20230207 16474 20230207 3355984 20230207 1 20230207 0 20230207 37526 5167 18434122 18434083 33 6
931 20230208 7527 20230208 789 20230208 24 20230208 6798019 2418157 20230208 2831585 20230208 17014 20230208 3445180 20230208 0 20230208 0 20230208 37865 4720 16766840 16766701 22 117
931 20230209 7573 20230209 787 20230209 24 20230209 7222248 2541468 20230209 3187157 20230209 17006 20230209 3696040 20230209 0 20230209 0 20230209 38014 5004 17796058 17795987 30 41
931 20230210 1712 20230210 163 20230210 4 20230210 64643 30777 20230210 157496 20230210 862 20230210 21381 20230210 0 20230210 0 20230210 565 160 243189 243189 0 0
951 20230201 1440 20230201 578 20230201 24 20230201 1547304 451449 20230201 819326 20230201 6151 20230201 995132 20230201 0 20230201 0 20230201 100723 526 4943085 4943073 4 8
951 20230202 1442 20230202 578 20230202 24 20230202 2013208 474254 20230202 858190 20230202 5754 20230202 1434383 20230202 0 20230202 0 20230202 104571 534 5103318 5103305 6 7
951 20230203 1440 20230203 578 20230203 24 20230203 1799275 381021 20230203 883665 20230203 6244 20230203 1401245 20230203 1 20230203 0 20230203 17009 541 5344428 5344416 2 10
951 20230204 1440 20230204 578 20230204 24 20230204 1531801 319704 20230204 741366 20230204 5795 20230204 1204131 20230204 1 20230204 0 20230204 7966 519 4666966 4666952 1 13
951 20230205 1438 20230205 578 20230205 24 20230205 1283460 310203 20230205 704776 20230205 6036 20230205 966229 20230205 0 20230205 0 20230205 7028 513 4726155 4726144 2 9
951 20230206 1440 20230206 578 20230206 24 20230206 1847209 401758 20230206 918426 20230206 7214 20230206 1426767 20230206 0 20230206 2 20230206 18684 568 5676734 5676707 10 17
951 20230207 1449 20230207 579 20230207 24 20230207 2519473 407878 20230207 952109 20230207 7033 20230207 2091572 20230207 0 20230207 0 20230207 20023 571 5667177 5667153 6 18
951 20230208 1444 20230208 608 20230208 24 20230208 2335776 399109 20230208 1238839 20230208 6922 20230208 1917986 20230208 0 20230208 0 20230208 18681 543 5287857 5273350 3 14504
951 20230209 1443 20230209 579 20230209 24 20230209 2266224 399258 20230209 947606 20230209 7375 20230209 1848165 20230209 0 20230209 0 20230209 18801 535 5180302 5180298 1 3
951 20230210 355 20230210 150 20230210 5 20230210 9274 4988 20230210 39022 20230210 417 20230210 4053 20230210 0 20230210 0 20230210 233 69 61610 61610 0 0
971 20230201 4078 20230201 578 20230201 24 20230201 2016341 612014 20230201 593993 20230201 7083 20230201 1065447 20230201 0 20230201 0 20230201 152 652 3655331 3655329 0 2
971 20230202 4156 20230202 570 20230202 24 20230202 2083189 630610 20230202 551993 20230202 6507 20230202 1141420 20230202 0 20230202 0 20230202 152 658 3748706 3748705 0 1
971 20230203 4091 20230203 582 20230203 24 20230203 2008837 639646 20230203 564956 20230203 6424 20230203 1117802 20230203 0 20230203 0 20230203 173 663 3830443 3830442 0 1
971 20230204 4004 20230204 570 20230204 24 20230204 1734397 578675 20230204 468177 20230204 6243 20230204 937415 20230204 0 20230204 0 20230204 172 597 3449216 3449215 0 1
971 20230205 4043 20230205 580 20230205 24 20230205 1606740 556000 20230205 505193 20230205 6437 20230205 850203 20230205 0 20230205 0 20230205 123 603 3381333 3381332 0 1
971 20230206 4030 20230206 578 20230206 24 20230206 2111575 673495 20230206 538809 20230206 7197 20230206 1188531 20230206 0 20230206 0 20230206 228 703 4158989 4158989 0 0
971 20230207 4047 20230207 572 20230207 24 20230207 2115422 676488 20230207 618076 20230207 7780 20230207 1189568 20230207 0 20230207 0 20230207 246 703 4167135 4167135 0 0
971 20230208 4050 20230208 1106 20230208 24 20230208 2072289 658203 20230208 478379 20230208 6681 20230208 1163942 20230208 0 20230208 0 20230208 270 676 4016471 4016468 1 2
971 20230209 4089 20230209 640 20230209 24 20230209 2184102 713273 20230209 600679 20230209 7128 20230209 1210028 20230209 0 20230209 0 20230209 210 709 4239744 4239742 0 2
971 20230210 936 20230210 159 20230210 4 20230210 24658 10324 20230210 29972 20230210 359 20230210 9986 20230210 0 20230210 0 20230210 19 74 59386 59386 0 0
991 20230201 5541 20230201 343 20230201 24 20230201 12933033 4511361 20230201 1392636 20230201 26218 20230201 6756719 20230201 2434 20230201 0 20230201 52 2246 30114923 30114888 25 10
991 20230202 5438 20230202 340 20230202 24 20230202 12335468 4513211 20230202 1410388 20230202 26918 20230202 6364143 20230202 4444 20230202 1 20230202 37 2240 30151368 30151334 18 16
991 20230203 5270 20230203 380 20230203 24 20230203 11303927 4542139 20230203 1440444 20230203 26844 20230203 5832619 20230203 3002 20230203 0 20230203 47 2279 30586188 30586159 20 9
991 20230204 5082 20230204 328 20230204 24 20230204 9939480 4187222 20230204 1293286 20230204 23226 20230204 5141556 20230204 1978 20230204 0 20230204 41 2114 28176312 28176281 24 7
991 20230205 5012 20230205 311 20230205 24 20230205 9555081 4088768 20230205 1387477 20230205 26035 20230205 5011999 20230205 2172 20230205 0 20230205 30 2066 27508170 27508142 24 4
991 20230206 5205 20230206 367 20230206 24 20230206 11010800 4746143 20230206 1490275 20230206 27511 20230206 5756409 20230206 2970 20230206 0 20230206 25 2375 32069112 32069085 22 5
991 20230207 5305 20230207 364 20230207 24 20230207 11599263 4758295 20230207 1483781 20230207 28656 20230207 6013848 20230207 2493 20230207 0 20230207 31 2386 31969085 31969059 16 10
991 20230208 5200 20230208 360 20230208 24 20230208 11051680 4763547 20230208 1503055 20230208 27685 20230208 5797046 20230208 2326 20230208 0 20230208 34 2411 32364699 32364667 24 8
991 20230209 5215 20230209 362 20230209 24 20230209 10994512 4777267 20230209 1531490 20230209 28957 20230209 5761041 20230209 2641 20230209 0 20230209 36 2396 32267209 32267179 19 11
991 20230210 1133 20230210 60 20230210 5 20230210 238453 109244 20230210 163288 20230210 2452 20230210 112987 20230210 116 20230210 0 20230210 1 98 788602 788602 0 0
